[[ 0.12849  0.06296  0.11137  0.07801  0.06481
   0.11321  0.08028  0.       0.       0.12858
   0.10037  0.11482  0.08209  0.       0.     
   0.       0.       0.11534  0.12864  0.07681
   0.       0.0666   0.08254  0.08258  0.11539
   0.12864  0.10814  0.06662  0.       0.06615
   0.12862  0.11287  0.       0.       0.08477
   0.00233 -0.00448  0.09985 -0.00026 -0.00335
   0.12193 -0.00041 -0.0026   0.12435 -0.00008
  -0.00238  0.11866 -0.00031 -0.00229  0.10905
   0.       0.00067  0.04911  0.04201  0.12587
   0.12798  0.09985  0.       0.0018   0.04938
   0.04223  0.12594  0.128    0.12193  0.     
   0.00147  0.05247  0.04233  0.1267   0.12813
   0.12435  0.       0.00117  0.05102  0.04185
   0.12615  0.12815  0.11866 -0.00034  0.00107
   0.04885  0.04112  0.12525  0.12812  0.10905
   0.11823  0.12796  0.09974  0.11846  0.12798
   0.12187  0.11963  0.12811  0.1243   0.1176 
   0.12812  0.11859  0.11486  0.1281   0.12187
   0.11846  0.12796  0.11823  0.10896  0.09974
   0.12798  0.11963  0.12811  0.1243   0.1176 
   0.12812  0.11859  0.11486  0.1281   0.10896]


 [-0.02882  0.07339  0.1202   0.20044  0.08425
   0.11407  0.19829  0.       0.      -0.02603
  -0.1382   0.10623  0.19223  0.       0.     
   0.       0.       0.10157 -0.02134 -0.09636
   0.       0.10142  0.18729  0.18674  0.10168
  -0.02141 -0.11502  0.10115  0.       0.09573
  -0.02293 -0.12447  0.       0.      -0.13755
  -0.00221 -0.00838 -0.0835   0.00064 -0.00695
  -0.08567  0.00207 -0.00613 -0.09048  0.00089
  -0.00604 -0.10584  0.00086 -0.00603 -0.11325
   0.       0.01042  0.24176  0.06626  0.0228 
  -0.03959 -0.0835   0.       0.0177   0.24291
   0.06748  0.02276 -0.03939 -0.08567  0.     
   0.019    0.25227  0.0683   0.02723 -0.03887
  -0.09048  0.       0.01344  0.2569   0.05707
   0.03463 -0.04064 -0.10584 -0.00173  0.01011
   0.25377  0.04697  0.04048 -0.04225 -0.11325
   0.08148 -0.03978 -0.08373  0.0814  -0.03959
  -0.08602  0.08836 -0.03907 -0.09085  0.09989
  -0.04083 -0.10619  0.10814 -0.04245 -0.08602
   0.0814  -0.03978  0.08148 -0.11356 -0.08373
  -0.03959  0.08836 -0.03907 -0.09085  0.09989
  -0.04083 -0.10619  0.10814 -0.04245 -0.11356]]